Threads,Schedule,Chunk,LocalP,AvgRecall,AvgLatency(us)
1,static,0,10,0.99995,8846.55
1,static,0,20,0.99995,10098
1,static,0,50,0.99995,11440.8
1,static,0,100,0.99995,12173.6
1,static,1,10,0.99995,13408.7
1,static,1,20,0.99995,13091.3
1,static,1,50,0.99995,13376.7
1,static,1,100,0.99995,13437.5
1,static,4,10,0.99995,11366.5
1,static,4,20,0.99995,7922.52
1,static,4,50,0.99995,7965.7
1,static,4,100,0.99995,8868.83
1,static,16,10,0.99995,10068
1,static,16,20,0.99995,8148.08
1,static,16,50,0.99995,7925.5
1,static,16,100,0.99995,11738.2
1,static,64,10,0.99995,9250.03
1,static,64,20,0.99995,11344.8
1,static,64,50,0.99995,13944.1
1,static,64,100,0.99995,12824.8
1,static,256,10,0.99995,8376.51
1,static,256,20,0.99995,8178.23
1,static,256,50,0.99995,9495.35
1,static,256,100,0.99995,14008
1,static,1024,10,0.99995,13572.8
1,static,1024,20,0.99995,13758.4
1,static,1024,50,0.99995,13821.8
1,static,1024,100,0.99995,14317.3
1,dynamic,0,10,0.99995,18060.9
1,dynamic,0,20,0.99995,18086.3
1,dynamic,0,50,0.99995,18336.9
1,dynamic,0,100,0.99995,17008.1
1,dynamic,1,10,0.99995,17230.2
1,dynamic,1,20,0.99995,11992.3
1,dynamic,1,50,0.99995,16273.2
1,dynamic,1,100,0.99995,15090.4
1,dynamic,4,10,0.99995,14321.9
1,dynamic,4,20,0.99995,15149.4
1,dynamic,4,50,0.99995,15113.3
1,dynamic,4,100,0.99995,15266.9
1,dynamic,16,10,0.99995,14244
1,dynamic,16,20,0.99995,12330.4
1,dynamic,16,50,0.99995,14574.5
1,dynamic,16,100,0.99995,14400.6
1,dynamic,64,10,0.99995,14072.3
1,dynamic,64,20,0.99995,14151.2
1,dynamic,64,50,0.99995,13827.8
1,dynamic,64,100,0.99995,14030.5
1,dynamic,256,10,0.99995,13699.7
1,dynamic,256,20,0.99995,13421.3
1,dynamic,256,50,0.99995,12375.1
1,dynamic,256,100,0.99995,12794.7
1,dynamic,1024,10,0.99995,13585.1
1,dynamic,1024,20,0.99995,11904
1,dynamic,1024,50,0.99995,13692.5
1,dynamic,1024,100,0.99995,13231.4
1,guided,0,10,0.99995,12250
1,guided,0,20,0.99995,11859.1
1,guided,0,50,0.99995,10925.1
1,guided,0,100,0.99995,11230.3
1,guided,1,10,0.99995,12279.7
1,guided,1,20,0.99995,12857.4
1,guided,1,50,0.99995,13153.8
1,guided,1,100,0.99995,12208.2
1,guided,4,10,0.99995,10112
1,guided,4,20,0.99995,10377.1
1,guided,4,50,0.99995,9699.64
1,guided,4,100,0.99995,10310.8
1,guided,16,10,0.99995,10601.6
1,guided,16,20,0.99995,8489.09
1,guided,16,50,0.99995,10914.7
1,guided,16,100,0.99995,12662.1
1,guided,64,10,0.99995,12366.5
1,guided,64,20,0.99995,10911.5
1,guided,64,50,0.99995,12040.4
1,guided,64,100,0.99995,12754
1,guided,256,10,0.99995,12276.6
1,guided,256,20,0.99995,12027
1,guided,256,50,0.99995,11748
1,guided,256,100,0.99995,12144.9
1,guided,1024,10,0.99995,11286.7
1,guided,1024,20,0.99995,10610.4
1,guided,1024,50,0.99995,10300.3
1,guided,1024,100,0.99995,12579.9
2,static,0,10,0.99995,6399.56
2,static,0,20,0.99995,6366.27
2,static,0,50,0.99995,6663.82
2,static,0,100,0.99995,6666.91
2,static,1,10,0.99995,11378.5
2,static,1,20,0.99995,9756.26
2,static,1,50,0.99995,10029.4
2,static,1,100,0.99995,10369.5
2,static,4,10,0.99995,8788.03
2,static,4,20,0.99995,9741.95
2,static,4,50,0.99995,8906.8
2,static,4,100,0.99995,9914.22
2,static,16,10,0.99995,7912.69
2,static,16,20,0.99995,7909.14
2,static,16,50,0.99995,7320.95
2,static,16,100,0.99995,8010.48
2,static,64,10,0.99995,7098.69
2,static,64,20,0.99995,6604.37
2,static,64,50,0.99995,7328.5
2,static,64,100,0.99995,7028.6
2,static,256,10,0.99995,6867.83
2,static,256,20,0.99995,5597.02
2,static,256,50,0.99995,5234.63
2,static,256,100,0.99995,6232.41
2,static,1024,10,0.99995,7505.58
2,static,1024,20,0.99995,5388.2
2,static,1024,50,0.99995,4683.33
2,static,1024,100,0.99995,5953.23
2,dynamic,0,10,0.99995,21093
2,dynamic,0,20,0.99995,23147.8
2,dynamic,0,50,0.99995,23682.7
2,dynamic,0,100,0.99995,25668.9
2,dynamic,1,10,0.99995,22896.7
2,dynamic,1,20,0.99995,17854.8
2,dynamic,1,50,0.99995,15666.4
2,dynamic,1,100,0.99995,13475.6
2,dynamic,4,10,0.99995,7641
2,dynamic,4,20,0.99995,8419.28
2,dynamic,4,50,0.99995,8581.84
2,dynamic,4,100,0.99995,8280.71
2,dynamic,16,10,0.99995,6451.65
2,dynamic,16,20,0.99995,6404.79
2,dynamic,16,50,0.99995,7059.72
2,dynamic,16,100,0.99995,8860.66
2,dynamic,64,10,0.99995,6663.69
2,dynamic,64,20,0.99995,5419.44
2,dynamic,64,50,0.99995,5787.35
2,dynamic,64,100,0.99995,5504.61
2,dynamic,256,10,0.99995,6147.01
2,dynamic,256,20,0.99995,5862.66
2,dynamic,256,50,0.99995,6495.68
2,dynamic,256,100,0.99995,6533.92
2,dynamic,1024,10,0.99995,5579.78
2,dynamic,1024,20,0.99995,5713.66
2,dynamic,1024,50,0.99995,6785.52
2,dynamic,1024,100,0.99995,6216.62
2,guided,0,10,0.99995,6145.88
2,guided,0,20,0.99995,5713.9
2,guided,0,50,0.99995,5406.3
2,guided,0,100,0.99995,5722.32
2,guided,1,10,0.99995,5736.63
2,guided,1,20,0.99995,5574.91
2,guided,1,50,0.99995,6217.65
2,guided,1,100,0.99995,6847.13
2,guided,4,10,0.99995,6321.9
2,guided,4,20,0.99995,6179.85
2,guided,4,50,0.99995,6161.32
2,guided,4,100,0.99995,6202.16
2,guided,16,10,0.99995,5927.18
2,guided,16,20,0.99995,5958.25
2,guided,16,50,0.99995,5892.02
2,guided,16,100,0.99995,6569.73
2,guided,64,10,0.99995,5422.52
2,guided,64,20,0.99995,5985.75
2,guided,64,50,0.99995,5845.16
2,guided,64,100,0.99995,5746.67
2,guided,256,10,0.99995,6109.04
2,guided,256,20,0.99995,6475.36
2,guided,256,50,0.99995,6647.32
2,guided,256,100,0.99995,6551.5
2,guided,1024,10,0.99995,5437.77
2,guided,1024,20,0.99995,5811.15
2,guided,1024,50,0.99995,6859.5
2,guided,1024,100,0.99995,6611.37
4,static,0,10,0.99995,3233.49
4,static,0,20,0.99995,2974.03
4,static,0,50,0.99995,3141.81
4,static,0,100,0.99995,2682.78
4,static,1,10,0.99995,7706.17
4,static,1,20,0.99995,7524.41
4,static,1,50,0.99995,6889.81
4,static,1,100,0.99995,6153.58
4,static,4,10,0.99995,4548.61
4,static,4,20,0.99995,4455.59
4,static,4,50,0.99995,4605.38
4,static,4,100,0.99995,5080.12
4,static,16,10,0.99995,2937.68
4,static,16,20,0.99995,3013.46
4,static,16,50,0.99995,3168.82
4,static,16,100,0.99995,2857.67
4,static,64,10,0.99995,2349.63
4,static,64,20,0.99995,2629.77
4,static,64,50,0.99995,2492.63
4,static,64,100,0.99995,3293.6
4,static,256,10,0.99995,3016.82
4,static,256,20,0.99995,3092.26
4,static,256,50,0.99995,3092.85
4,static,256,100,0.99995,3062.93
4,static,1024,10,0.99995,2666.84
4,static,1024,20,0.99995,3045.35
4,static,1024,50,0.99995,2672.22
4,static,1024,100,0.99995,2488.68
4,dynamic,0,10,0.99995,9258.65
4,dynamic,0,20,0.99995,10417.3
4,dynamic,0,50,0.99995,11189.2
4,dynamic,0,100,0.99995,10039
4,dynamic,1,10,0.99995,11470.9
4,dynamic,1,20,0.99995,12365.8
4,dynamic,1,50,0.99995,12867.4
4,dynamic,1,100,0.99995,11524.7
4,dynamic,4,10,0.99995,5545.79
4,dynamic,4,20,0.99995,6071.49
4,dynamic,4,50,0.99995,5594.01
4,dynamic,4,100,0.99995,5094.75
4,dynamic,16,10,0.99995,3313.12
4,dynamic,16,20,0.99995,3443.14
4,dynamic,16,50,0.99995,4522.05
4,dynamic,16,100,0.99995,4343.52
4,dynamic,64,10,0.99995,4400.05
4,dynamic,64,20,0.99995,3994.1
4,dynamic,64,50,0.99995,4858.6
4,dynamic,64,100,0.99995,3553.49
4,dynamic,256,10,0.99995,3097.35
4,dynamic,256,20,0.99995,3195.46
4,dynamic,256,50,0.99995,3180.33
4,dynamic,256,100,0.99995,3354.79
4,dynamic,1024,10,0.99995,3068.56
4,dynamic,1024,20,0.99995,2760.45
4,dynamic,1024,50,0.99995,2905.58
4,dynamic,1024,100,0.99995,3232.84
4,guided,0,10,0.99995,2946.21
4,guided,0,20,0.99995,2807.06
4,guided,0,50,0.99995,2912.69
4,guided,0,100,0.99995,3267.98
4,guided,1,10,0.99995,3125.33
4,guided,1,20,0.99995,3169.5
4,guided,1,50,0.99995,2894.88
4,guided,1,100,0.99995,3632.61
4,guided,4,10,0.99995,2746.28
4,guided,4,20,0.99995,3129.83
4,guided,4,50,0.99995,3036.43
4,guided,4,100,0.99995,3562.9
4,guided,16,10,0.99995,3201.01
4,guided,16,20,0.99995,3224
4,guided,16,50,0.99995,3129.42
4,guided,16,100,0.99995,4694.13
4,guided,64,10,0.99995,4191.42
4,guided,64,20,0.99995,4544.86
4,guided,64,50,0.99995,4027.16
4,guided,64,100,0.99995,3925.87
4,guided,256,10,0.99995,3183.52
4,guided,256,20,0.99995,3062.08
4,guided,256,50,0.99995,3123.08
4,guided,256,100,0.99995,3404.27
4,guided,1024,10,0.99995,3232.22
4,guided,1024,20,0.99995,3094.76
4,guided,1024,50,0.99995,3002.02
4,guided,1024,100,0.99995,3170.71
8,static,0,10,0.99995,3347.87
8,static,0,20,0.99995,3798.73
8,static,0,50,0.99995,3653.6
8,static,0,100,0.99995,4802.21
8,static,1,10,0.99995,7282.74
8,static,1,20,0.99995,7570.63
8,static,1,50,0.99995,8416.34
8,static,1,100,0.99995,10010.4
8,static,4,10,0.99995,5821.24
8,static,4,20,0.99995,6124.79
8,static,4,50,0.99995,6322.79
8,static,4,100,0.99995,5575.65
8,static,16,10,0.99995,3284.18
8,static,16,20,0.99995,4726.27
8,static,16,50,0.99995,4681.06
8,static,16,100,0.99995,5386.43
8,static,64,10,0.99995,3979.05
8,static,64,20,0.99995,4226.7
8,static,64,50,0.99995,1942.84
8,static,64,100,0.99995,2582.24
8,static,256,10,0.99995,3120.97
8,static,256,20,0.99995,2523.84
8,static,256,50,0.99995,1808.42
8,static,256,100,0.99995,1924.2
8,static,1024,10,0.99995,3005.76
8,static,1024,20,0.99995,2151.23
8,static,1024,50,0.99995,1749.69
8,static,1024,100,0.99995,2227.05
8,dynamic,0,10,0.99995,20636.6
8,dynamic,0,20,0.99995,22228
8,dynamic,0,50,0.99995,20920.6
8,dynamic,0,100,0.99995,20542.3
8,dynamic,1,10,0.99995,20728.6
8,dynamic,1,20,0.99995,19879.1
8,dynamic,1,50,0.99995,21032.3
8,dynamic,1,100,0.99995,22151.8
8,dynamic,4,10,0.99995,6987.18
8,dynamic,4,20,0.99995,6597.35
8,dynamic,4,50,0.99995,6216.54
8,dynamic,4,100,0.99995,6098.85
8,dynamic,16,10,0.99995,2892
8,dynamic,16,20,0.99995,2516.89
8,dynamic,16,50,0.99995,2559.97
8,dynamic,16,100,0.99995,2762.53
8,dynamic,64,10,0.99995,2019.32
8,dynamic,64,20,0.99995,1939.39
8,dynamic,64,50,0.99995,1900.88
8,dynamic,64,100,0.99995,1994.85
8,dynamic,256,10,0.99995,1652.01
8,dynamic,256,20,0.99995,2388.68
8,dynamic,256,50,0.99995,1993.23
8,dynamic,256,100,0.99995,1978.95
8,dynamic,1024,10,0.99995,1615.77
8,dynamic,1024,20,0.99995,2014.62
8,dynamic,1024,50,0.99995,1743.79
8,dynamic,1024,100,0.99995,2196.02
8,guided,0,10,0.99995,1586.34
8,guided,0,20,0.99995,1880.6
8,guided,0,50,0.99995,1934.47
8,guided,0,100,0.99995,1915.52
8,guided,1,10,0.99995,1733.58
8,guided,1,20,0.99995,1632.89
8,guided,1,50,0.99995,1723.85
8,guided,1,100,0.99995,2062.95
8,guided,4,10,0.99995,1557.47
8,guided,4,20,0.99995,1629.29
8,guided,4,50,0.99995,1868.86
8,guided,4,100,0.99995,2209.96
8,guided,16,10,0.99995,2381.48
8,guided,16,20,0.99995,2514
8,guided,16,50,0.99995,2440.04
8,guided,16,100,0.99995,2074.11
8,guided,64,10,0.99995,1866.58
8,guided,64,20,0.99995,1888.48
8,guided,64,50,0.99995,1716.43
8,guided,64,100,0.99995,1911.17
8,guided,256,10,0.99995,1673.61
8,guided,256,20,0.99995,1721.82
8,guided,256,50,0.99995,1787.95
8,guided,256,100,0.99995,1924.17
8,guided,1024,10,0.99995,1739.1
8,guided,1024,20,0.99995,1700.3
8,guided,1024,50,0.99995,1832.4
8,guided,1024,100,0.99995,2065.94
