nlist,M,nprobe,p,threads,recall,latency_us
256,4,8,500,1,0.784252,234.443
256,4,8,500,2,0.784052,192.595
256,4,8,500,4,0.784602,179.727
256,4,8,500,8,0.784802,255.102
256,4,8,1000,1,0.871653,323.07
256,4,8,1000,2,0.871603,250.6
256,4,8,1000,4,0.871553,227.622
256,4,8,1000,8,0.871603,240.037
256,4,8,2000,1,0.913804,488.386
256,4,8,2000,2,0.913903,369.802
256,4,8,2000,4,0.913904,306.977
256,4,8,2000,8,0.913804,335.93
256,4,16,500,1,0.798453,319.101
256,4,16,500,2,0.798503,256.267
256,4,16,500,4,0.798353,278.273
256,4,16,500,8,0.798903,298.836
256,4,16,1000,1,0.897354,408.892
256,4,16,1000,2,0.896954,364.7
256,4,16,1000,4,0.897054,330.273
256,4,16,1000,8,0.897153,363.758
256,4,16,2000,1,0.949153,592.774
256,4,16,2000,2,0.949203,456.461
256,4,16,2000,4,0.949253,378.827
256,4,16,2000,8,0.949253,1013.24
256,4,32,500,1,0.800303,461.347
256,4,32,500,2,0.800153,476.193
256,4,32,500,4,0.800853,446.139
256,4,32,500,8,0.799603,772.975
256,4,32,1000,1,0.901204,561.252
256,4,32,1000,2,0.901204,428.428
256,4,32,1000,4,0.901404,448.925
256,4,32,1000,8,0.901304,452.103
256,4,32,2000,1,0.960153,740.554
256,4,32,2000,2,0.960203,598.878
256,4,32,2000,4,0.960103,551.5
256,4,32,2000,8,0.960153,581.693
256,8,8,500,1,0.891404,280.008
256,8,8,500,2,0.891454,245.309
256,8,8,500,4,0.891554,172.762
256,8,8,500,8,0.891454,1805.78
256,8,8,1000,1,0.915603,366.62
256,8,8,1000,2,0.915553,307.355
256,8,8,1000,4,0.915503,226.887
256,8,8,1000,8,0.915503,1838.49
256,8,8,2000,1,0.922003,544.775
256,8,8,2000,2,0.922003,367.953
256,8,8,2000,4,0.922003,258.721
256,8,8,2000,8,0.922003,1969.41
256,8,16,500,1,0.928155,381.391
256,8,16,500,2,0.927855,349.982
256,8,16,500,4,0.928105,245.656
256,8,16,500,8,0.928105,1839.29
256,8,16,1000,1,0.958253,495.025
256,8,16,1000,2,0.958253,360.63
256,8,16,1000,4,0.958253,293.396
256,8,16,1000,8,0.958253,1901.06
256,8,16,2000,1,0.967203,706.443
256,8,16,2000,2,0.967253,520.471
256,8,16,2000,4,0.967203,388.144
256,8,16,2000,8,0.967153,516.589
256,8,32,500,1,0.942105,554.595
256,8,32,500,2,0.942205,429.508
256,8,32,500,4,0.941755,345.411
256,8,32,500,8,0.942055,513.821
256,8,32,1000,1,0.976253,635.58
256,8,32,1000,2,0.976353,570.87
256,8,32,1000,4,0.976353,419.573
256,8,32,1000,8,0.976403,872.458
256,8,32,2000,1,0.986902,832.475
256,8,32,2000,2,0.986952,751.844
256,8,32,2000,4,0.986902,479.029
256,8,32,2000,8,0.986902,653.974
256,16,8,500,1,0.921803,327.056
256,16,8,500,2,0.921803,279.342
256,16,8,500,4,0.921803,224.589
256,16,8,500,8,0.921803,1948.2
256,16,8,1000,1,0.923803,433.03
256,16,8,1000,2,0.923803,374.725
256,16,8,1000,4,0.923803,246.561
256,16,8,1000,8,0.923803,1876.42
256,16,8,2000,1,0.923953,626.458
256,16,8,2000,2,0.923953,422.642
256,16,8,2000,4,0.923953,327.247
256,16,8,2000,8,0.923953,2103.83
256,16,16,500,1,0.967353,466.629
256,16,16,500,2,0.967353,375.476
256,16,16,500,4,0.967353,624.871
256,16,16,500,8,0.967353,1890.38
256,16,16,1000,1,0.970202,563.356
256,16,16,1000,2,0.970152,421.624
256,16,16,1000,4,0.970202,359.833
256,16,16,1000,8,0.970202,1857.73
256,16,16,2000,1,0.970352,753.461
256,16,16,2000,2,0.970352,580.62
256,16,16,2000,4,0.970352,393.37
256,16,16,2000,8,0.970352,496.722
256,16,32,500,1,0.986602,696.84
256,16,32,500,2,0.986602,468.001
256,16,32,500,4,0.986552,430.889
256,16,32,500,8,0.986602,697.722
256,16,32,1000,1,0.990051,801.814
256,16,32,1000,2,0.990001,673.145
256,16,32,1000,4,0.990051,467.255
256,16,32,1000,8,0.990001,934.851
256,16,32,2000,1,0.990251,1001.73
256,16,32,2000,2,0.990251,764.141
256,16,32,2000,4,0.990251,524.149
256,16,32,2000,8,0.990251,2108.84
1024,4,8,500,1,0.769503,210.475
1024,4,8,500,2,0.770102,174.533
1024,4,8,500,4,0.770153,135.807
1024,4,8,500,8,0.770153,317.431
1024,4,8,1000,1,0.835303,291.625
1024,4,8,1000,2,0.835003,182.677
1024,4,8,1000,4,0.835603,152.393
1024,4,8,1000,8,0.835053,710.566
1024,4,8,2000,1,0.855503,382.15
1024,4,8,2000,2,0.855303,227.915
1024,4,8,2000,4,0.855453,191.323
1024,4,8,2000,8,0.855503,1820.55
1024,4,16,500,1,0.802753,226.079
1024,4,16,500,2,0.802253,198.266
1024,4,16,500,4,0.802503,162.755
1024,4,16,500,8,0.803003,1875.71
1024,4,16,1000,1,0.887954,337.697
1024,4,16,1000,2,0.887804,237.342
1024,4,16,1000,4,0.887704,188.919
1024,4,16,1000,8,0.888254,1781.02
1024,4,16,2000,1,0.921153,475.199
1024,4,16,2000,2,0.921203,300.571
1024,4,16,2000,4,0.921203,235.742
1024,4,16,2000,8,0.921153,1855.51
1024,4,32,500,1,0.808553,284.453
1024,4,32,500,2,0.808953,252.732
1024,4,32,500,4,0.808953,209.1
1024,4,32,500,8,0.808803,1864.97
1024,4,32,1000,1,0.908404,410.63
1024,4,32,1000,2,0.908354,348.676
1024,4,32,1000,4,0.908704,262.586
1024,4,32,1000,8,0.908254,2040
1024,4,32,2000,1,0.954853,568.163
1024,4,32,2000,2,0.954903,476.618
1024,4,32,2000,4,0.954853,326.57
1024,4,32,2000,8,0.954903,1601.8
1024,8,8,500,1,0.839853,223.816
1024,8,8,500,2,0.840053,208.885
1024,8,8,500,4,0.839853,199.254
1024,8,8,500,8,0.840003,306.178
1024,8,8,1000,1,0.854053,287.062
1024,8,8,1000,2,0.854053,205.917
1024,8,8,1000,4,0.854053,189.282
1024,8,8,1000,8,0.854053,247.305
1024,8,8,2000,1,0.857103,371.645
1024,8,8,2000,2,0.857103,291.263
1024,8,8,2000,4,0.857103,213.393
1024,8,8,2000,8,0.857103,1176.05
1024,8,16,500,1,0.900254,271.915
1024,8,16,500,2,0.900354,238.347
1024,8,16,500,4,0.900354,184.71
1024,8,16,500,8,0.900304,196.03
1024,8,16,1000,1,0.921903,345.308
1024,8,16,1000,2,0.921903,224.186
1024,8,16,1000,4,0.921903,213.758
1024,8,16,1000,8,0.921903,684.68
1024,8,16,2000,1,0.926553,502.461
1024,8,16,2000,2,0.926553,371.97
1024,8,16,2000,4,0.926553,277.963
1024,8,16,2000,8,0.926553,295.703
1024,8,32,500,1,0.931504,331.082
1024,8,32,500,2,0.931654,301.555
1024,8,32,500,4,0.931454,221.837
1024,8,32,500,8,0.931454,341.341
1024,8,32,1000,1,0.958653,413.573
1024,8,32,1000,2,0.958653,357.866
1024,8,32,1000,4,0.958703,263.385
1024,8,32,1000,8,0.958703,453.634
1024,8,32,2000,1,0.966102,607.982
1024,8,32,2000,2,0.966102,470.913
1024,8,32,2000,4,0.966102,318.982
1024,8,32,2000,8,0.966102,588.771
1024,16,8,500,1,0.857002,249.665
1024,16,8,500,2,0.857002,225.673
1024,16,8,500,4,0.857002,169.775
1024,16,8,500,8,0.857002,229.558
1024,16,8,1000,1,0.857802,323.694
1024,16,8,1000,2,0.857802,248.647
1024,16,8,1000,4,0.857802,195.209
1024,16,8,1000,8,0.857802,212.877
1024,16,8,2000,1,0.858052,413.278
1024,16,8,2000,2,0.858052,291.927
1024,16,8,2000,4,0.858052,224.594
1024,16,8,2000,8,0.858052,284.695
1024,16,16,500,1,0.925702,304.148
1024,16,16,500,2,0.925702,255.017
1024,16,16,500,4,0.925702,200.283
1024,16,16,500,8,0.925702,289.932
1024,16,16,1000,1,0.926952,396.549
1024,16,16,1000,2,0.926952,299.392
1024,16,16,1000,4,0.926952,230.873
1024,16,16,1000,8,0.926952,229.723
1024,16,16,2000,1,0.927202,536.747
1024,16,16,2000,2,0.927202,346.367
1024,16,16,2000,4,0.927202,291.235
1024,16,16,2000,8,0.927202,411.704
1024,16,32,500,1,0.964352,384.151
1024,16,32,500,2,0.964352,347.603
1024,16,32,500,4,0.964402,240.49
1024,16,32,500,8,0.964402,372.641
1024,16,32,1000,1,0.966252,477.719
1024,16,32,1000,2,0.966302,319.311
1024,16,32,1000,4,0.966252,295.047
1024,16,32,1000,8,0.966302,355.407
1024,16,32,2000,1,0.966552,659.767
1024,16,32,2000,2,0.966552,480.345
1024,16,32,2000,4,0.966552,349.346
1024,16,32,2000,8,0.966552,1817.75
4096,4,8,500,1,0.739802,279.678
4096,4,8,500,2,0.740352,256.793
4096,4,8,500,4,0.739952,231.178
4096,4,8,500,8,0.740502,336.016
4096,4,8,1000,1,0.765452,300.501
4096,4,8,1000,2,0.765652,271.052
4096,4,8,1000,4,0.765602,244.064
4096,4,8,1000,8,0.765352,393.626
4096,4,8,2000,1,0.768102,301.482
4096,4,8,2000,2,0.768102,245.204
4096,4,8,2000,4,0.768102,226.189
4096,4,8,2000,8,0.768102,463.848
4096,4,16,500,1,0.805503,325.971
4096,4,16,500,2,0.805303,292.358
4096,4,16,500,4,0.805753,249.17
4096,4,16,500,8,0.805653,404.31
4096,4,16,1000,1,0.851003,348.36
4096,4,16,1000,2,0.851003,290.646
4096,4,16,1000,4,0.850853,257.056
4096,4,16,1000,8,0.850853,387.091
4096,4,16,2000,1,0.859953,376.473
4096,4,16,2000,2,0.859953,289.74
4096,4,16,2000,4,0.859903,260.012
4096,4,16,2000,8,0.859953,366.779
4096,4,32,500,1,0.832202,370.088
4096,4,32,500,2,0.833002,320.342
4096,4,32,500,4,0.832552,263.901
4096,4,32,500,8,0.832302,500.946
4096,4,32,1000,1,0.902653,453.483
4096,4,32,1000,2,0.903103,361.212
4096,4,32,1000,4,0.903153,300.474
4096,4,32,1000,8,0.902903,1107.57
4096,4,32,2000,1,0.923652,535.604
4096,4,32,2000,2,0.923552,427.664
4096,4,32,2000,4,0.923502,324.832
4096,4,32,2000,8,0.923602,759.83
4096,8,8,500,1,0.761402,298.819
4096,8,8,500,2,0.761602,248.969
4096,8,8,500,4,0.761552,230.611
4096,8,8,500,8,0.761552,376.488
4096,8,8,1000,1,0.767352,344.276
4096,8,8,1000,2,0.767352,294.335
4096,8,8,1000,4,0.767352,260.055
4096,8,8,1000,8,0.767352,288.193
4096,8,8,2000,1,0.767752,358.515
4096,8,8,2000,2,0.767752,305.679
4096,8,8,2000,4,0.767752,273.744
4096,8,8,2000,8,0.767752,408.768
4096,8,16,500,1,0.848503,335.948
4096,8,16,500,2,0.848653,271.716
4096,8,16,500,4,0.848553,284.737
4096,8,16,500,8,0.848703,380.676
4096,8,16,1000,1,0.858453,412.88
4096,8,16,1000,2,0.858453,321.572
4096,8,16,1000,4,0.858453,279.781
4096,8,16,1000,8,0.858453,519.752
4096,8,16,2000,1,0.859703,456.382
4096,8,16,2000,2,0.859703,338.857
4096,8,16,2000,4,0.859703,302.445
4096,8,16,2000,8,0.859703,454.759
4096,8,32,500,1,0.904454,388.544
4096,8,32,500,2,0.904504,352.988
4096,8,32,500,4,0.904454,295.071
4096,8,32,500,8,0.904604,1002.89
4096,8,32,1000,1,0.921153,447.172
4096,8,32,1000,2,0.921203,373.813
4096,8,32,1000,4,0.921253,321.441
4096,8,32,1000,8,0.921253,506.6
4096,8,32,2000,1,0.924453,562.474
4096,8,32,2000,2,0.924453,427.221
4096,8,32,2000,4,0.924453,361.952
4096,8,32,2000,8,0.924453,523.037
4096,16,8,500,1,0.760602,316.642
4096,16,8,500,2,0.760552,279.453
4096,16,8,500,4,0.760602,244.737
4096,16,8,500,8,0.760602,384.747
4096,16,8,1000,1,0.760802,340.617
4096,16,8,1000,2,0.760802,281.981
4096,16,8,1000,4,0.760802,273.149
4096,16,8,1000,8,0.760802,599.383
4096,16,8,2000,1,0.760802,368.821
4096,16,8,2000,2,0.760802,308.908
4096,16,8,2000,4,0.760802,274
4096,16,8,2000,8,0.760802,345.228
4096,16,16,500,1,0.859453,374.487
4096,16,16,500,2,0.859453,336.98
4096,16,16,500,4,0.859453,290.884
4096,16,16,500,8,0.859453,519.677
4096,16,16,1000,1,0.859953,425.772
4096,16,16,1000,2,0.859953,350.772
4096,16,16,1000,4,0.859953,288.962
4096,16,16,1000,8,0.859953,1954.22
4096,16,16,2000,1,0.859953,481.361
4096,16,16,2000,2,0.859953,388.565
4096,16,16,2000,4,0.859953,332.223
4096,16,16,2000,8,0.859953,492.33
4096,16,32,500,1,0.924603,426.941
4096,16,32,500,2,0.924603,375.946
4096,16,32,500,4,0.924653,318.911
4096,16,32,500,8,0.924653,410.105
4096,16,32,1000,1,0.925553,499.216
4096,16,32,1000,2,0.925503,427.78
4096,16,32,1000,4,0.925553,350.255
4096,16,32,1000,8,0.925503,551.303
4096,16,32,2000,1,0.925603,580.586
4096,16,32,2000,2,0.925553,448.599
4096,16,32,2000,4,0.925603,388.189
4096,16,32,2000,8,0.925603,934.353
